>> A = [ 2 7 5 7 7; 7 4 9 3 3; 3 9 8 3 8; 5 9 6 3 6; 2 6 8 5 4]

A =

     2     7     5     7     7
     7     4     9     3     3
     3     9     8     3     8
     5     9     6     3     6
     2     6     8     5     4

% COMPUTING THE DETERMINANT,TRACE,RANK,INVERSE OF THE MATRIX A
 
>> det(A)

ans =

  -3.1120e+03

>> trace(A)

ans =

    21

>> rank(A)

ans =

     5

>> inv(A)

ans =

    0.0656    0.1427   -0.1003    0.1067   -0.1812
   -0.1350   -0.1761   -0.1465    0.3098    0.1967
   -0.1015    0.0437    0.1112   -0.1407    0.1337
    0.1645    0.0051   -0.1928    0.0129    0.0746
    0.1671    0.0990    0.2886   -0.2526   -0.3149

>> 
>> 

% COMPUTING THE DETERMINANT,TRACE,RANK,INVERSE OF MATRIX B
>> B = [703 795 980 137 661; 547 957 271 12 284; 445 523 252 894 469; 695 880 876 199 65; 621 173 737 299 988]

B =

   703   795   980   137   661
   547   957   271    12   284
   445   523   252   894   469
   695   880   876   199    65
   621   173   737   299   988

>> det(B)

ans =

   9.0301e+13

>> trace(B)

ans =

        3099

>> rank(B)

ans =

     5

>> inv(B)

ans =

   -0.0063    0.0020   -0.0012    0.0035    0.0040
    0.0024    0.0003    0.0006   -0.0014   -0.0019
    0.0024   -0.0018    0.0001   -0.0001   -0.0011
    0.0002   -0.0008    0.0012    0.0001   -0.0005
    0.0017    0.0002    0.0002   -0.0019   -0.0002

>> % The matrix A and B are not singular because, respective determinants are not zero